     76 26
     68 24
     58 28
     58 25
     54 27
     52 29
     51 30
     49 22
     49 21
     46 23
     45 31
     42 20
     32 32
     24 19
     22 34
     22 33
     21 35
     19 36
     13 37
     12 18
     11 39
      9 41
      8 48
      8 47
      8 45
      7 40
      7 17
      6 49
      6 44
      6 42
      6 38
      5 67
      5 58
      4 85
      4 83
      4 71
      4 64
      4 51
      3 76
      3 63
      3 62
      3 60
      3 56
      3 54
      3 53
      3 43
      2 94
      2 80
      2 57
      2 55
      2 52
      2 46
      2 105
      1 98
      1 97
      1 95
      1 91
      1 87
      1 84
      1 82
      1 81
      1 75
      1 72
      1 70
      1 69
      1 66
      1 61
      1 50
      1 403
      1 374
      1 270
      1 266
      1 235
      1 225
      1 207
      1 189
      1 184
      1 178
      1 167
      1 160
      1 16
      1 149
      1 131
      1 128
      1 111
      1 109
      1 104
      1 102
      1 101
      1 100
